Config_Reg : 
1
4
50
0
 
4071038 8166395 12261567 16356744 20451929 24547421 28642755 32737872 36833040 40928165 45023246 49118421 53213437 57308504 61403563 65498633 69593654 73688707 77783734 81878755 Average: 4093937
0 4094992 0.03
1 4095093 0.03
2 4095054 0.03
3 4094994 0.03
4 4095040 0.03
5 4095012 0.03
6 4095035 0.03
7 4095351 0.03
8 4095022 0.03
9 4095149 0.03
10 4094994 0.03
11 4095105 0.03
12 4094978 0.03
13 4094792 0.03
14 4095035 0.03
15 4095054 0.03
16 4095009 0.03
17 4095022 0.03
18 4095047 0.03
19 4095028 0.03
20 4095006 0.03
21 4095035 0.03
22 4095049 0.03
23 4095047 0.03
24 4095071 0.03
25 4095128 0.03
26 4095202 0.03
27 4095339 0.03
28 4095262 0.03
29 4095035 0.03
30 4095238 0.03
31 4095363 0.03
32 4094964 0.03
33 4094987 0.03
34 4094968 0.03
35 4095038 0.03
36 4095444 0.03
37 4095044 0.03
38 4095178 0.03
39 4095112 0.03
40 4095339 0.03
41 4095047 0.03
42 4095023 0.03
43 4095055 0.03
44 4095020 0.03
45 4095030 0.03
46 4095004 0.03
47 4095033 0.03
48 4095041 0.03
49 4095094 0.03
50 4095070 0.03
51 4095045 0.03
52 4095012 0.03
53 4095127 0.03
54 4095029 0.03
55 4094972 0.03
56 4095045 0.03
57 4095021 0.03
58 4095002 0.03
59 4095036 0.03
60 4095034 0.03
61 4095022 0.03
62 4095044 0.03
63 4095146 0.03
64 4095037 0.03
65 4095005 0.03
66 4095016 0.03
67 4095237 0.03
68 4095120 0.03
69 4095044 0.03
70 4095012 0.03
71 4095080 0.03
72 4095054 0.03
73 4095058 0.03
74 4095443 0.03
75 4095059 0.03
76 4095106 0.03
77 4094965 0.03
78 4094925 0.03
79 4095086 0.03
80 4094996 0.03
81 4094965 0.03
82 4095039 0.03
83 4094998 0.03
84 4095034 0.03
85 4095087 0.03
86 4095104 0.03
87 4095163 0.03
88 4094997 0.03
89 €094984 0.03
90 4094998 0.03
91 4095030 0.03
92 4094997 0.03
93 4094997 0.03
94 4095006 0.03
95 4095033 0.03
96 4094989 0.03
97 4094826 0.03
98 4095032 0.03
99 4094957 0.03
100 4094970 0.03
101 4095067 0.03
102 4095302 0.03
103 4095318 0.03
104 4095218 0.03
105 4094997 0.03
106 4095024 0.03
107 4094989 0.03
108 4095020 0.03
109 4094881 0.03
110 4094979 0.03
111 4094955 0.03
112 4094966 0.03
113 4094814 0.03
114 4094977 0.02
115 4094995 0.02
116 4095009 0.02
117 4094863 0.02
118 4094934 0.02
1€9 4095145 0.02
120 4095012 0.02
121 4095044 0.03
122 4095000 0.03
123 4095128 0.03
124 4095123 0.03
125 4094966 0.03
126 4095001 0.03
127 4094948 0.03
128 4094939 0.03
129 4094976 0.03
130 4095009 0.03
131 4094963 0.03
132 4094972 0.03
133 4094992 0.03
134 4094888 0.02
135 4094910 0.02
136 4095086 0.02
137 4095138 0.03
138 4095016 0.03
139 4094985 0.03
140 4095099 0.03
141 4095207 0.03
142 4096469 0.03
143 4095115 0.03
144 4096222 0.03
145 4096971 0.04
146 4095687 0.04
147 4094406 0.04
148 4092887 0.04
149 4091798 0.03
150 4095335 0.03
151 4095901 0.03
152 4092238 0.02
153 4091195 0.01
154 4093668 0.00
155 4098237 0.00
156 4096905 0.00
157 4095169 0.01
158 4095564 0.02
159 4095912 0.03
160 4094950 0.03
161 4094227 0.02
162 4095028 0.03
163 4094335 0.03
164 4094509 0.03
165 4094706 0.03
166 4095011 0.02
167 4094467 0.02
168 4093879 0.02
169 4094220 0.01
170 4094301 0.01
171 4096368 0.02
172 4094849 0.01
173 4096567 0.02
174 4094707 0.02
175 4094801 0.02
176 4095077 0.02
177 4093668 0.02
178 4093749 0.02
179 4096257 0.03
180 4094116 0.03
181 4098210 0.03
182 4095784 0.03
183 4096392 0.03
184 4095349 0.03
185 4095196 0.03
186 4096369 0.04
187 4095577 0.04
188 4096661 0.05
189 4096926 0.05
190 4098028 0.06
191€4096272 0.05
192 4100180 0.06
193 4100194 0.07
194 4100587 0.09
195 4100916 0.10
196 4100399 0.11
197 4100469 0.13
198 4099332 0.13
199 4098349 0.14
200 4099416 0.14
201 4096627 0.14
202 4096737 0.13
203 4096537 0.12
204 4095861 0.11
205 4095164 0.10
206 4094818 0.08
207 4094504 0.07
208 4095033 0.05
209 4094324 0.04
210 4094358 0.03
211 4091404 0.03
212 4092689 0.02
213 4093918 €.01
214 4094820 0.01
215 4095590 0.01
216 4094116 0.01
217 4095668 0.01
218 4094215 0.01
219 4093202 0.00
220 4094805 0.01
221 4094333 0.01
222 4093562 0.01
223 4092888 0.01
224 4093065 0.00
225 4094034 -0.00
226 4093363 -0.00
227 4093335 -0.01
228 4094280 -0.01
229 4093471 -0.01
230 4093689 -0.01
231 4093963 -0.01
232 4093972 -0.01
233 4094108 -0.00
234 4094096 -0.00
235 4094788 -0.00
236 4093990 0.00
237 4094779 0.00
238 4095291 0.01
239 4094915 0.01
240 4095278 0.01
241 4094825 0.02
242 4094827 0.02
243 4094049 0.02
244 4094434 0.02
245 4094300 0.02
246 4093062 0.02
247 4093299 0.01
248 4092857 0.01
249 4092635 0.00
250 4092183 -0.01
251 4093736 -0.01
252 4093089 -0.01
253 4093956 -0.01
254 4094250 -0.01
255 4093911 -0.01
256 4093915 -0.01
257 4094248 -0.01
258 4094591 -0.01
259 4094761 0.00
260 4094637 0.01
261 4095221 0.01
262 4094556 0.01
263 4095029 0.01
264 4094834 0.02
265 4095140 0.02
266 4094293 0.02
267 4094046 0.02
268 4092857 0.02
269 4092959 0.01
270 4094900 0.01
271 4094534 0.01
272 4089552 0.01
273 4092302 -0.00
274 4090561 -0.02
275 4092993 -0.02
276 4094408 -0.02
277 4096713 -0.02
278 4092458 -0.02
279 4098468 -0.01
280 4100805 0.00
281 4099831 0.02
282 4098811 0.04
283 4099249 0.06
284 4090424 0.06
285 4084100 0.06
286 4075231 0.03
287 4088630 0.00
288 4087582 -0.01
289 4090015 -0.04
290 4087205 -0.08
291 4085610 -0.12
292 4086379 -0.16
293 4079430 -0.19
294 4080937 -0.22
295 4078480 -0.23
296 4082569 -0.22
297 4083919 -0.24
298 4076459 -0.26
299 4082346 -0.28
300 4090586 -0.28
301 4082872 -0.29
302 4076066 -0.32
303 4064551 -0.33
304 4088660 -0.30
305 4093842 -0.27
306 4094297 -0.23
307 4094824 -0.20
308 4094753 -0.15
309 4094719 -0.11
310 4094686 -0.10
311 4094718 -0.06
312 4094629 -0.00
313 4094589 0.01
314 4094969 0.02
315 4094478 0.02
316 4094465 0.02
317 4094581 0.02
318 4094811 0.02
319 4095021 0.02
320 4094857 0.02
321 4093969 0.02
322 4094376 0.02
323 4093417 0.02
324 4093167 0.01
325 4093541 0.01
326 4093792 0.01
327 4094229 0.00
328 4094142 0.00
329 4094112 0.00
330 4093825 -0.00
331 4093606 -0.00
332 4092846 -0.01
333 4093488 -0.01
334 4094156 -0.00
335 4094257 -0.00
336 4094218 0.00
337 4094287 0.00
338 4093766 -0.00
339 4093128 -0.00
340 4094225 -0.00
341 4094332 0.00
342 4094403 0.00
343 4094176 0.01
344 4094622 0.01
345 4094820 0.01
346 4094875 0.01
347 4094811 0.01
348 4094847 0.01
349 4094886 0.02
350 4094909 0.02
351 4094897 0.02
352 4094895 0.02
353 4094846 0.02
354 4094724 0.02
355 4094710 0.02
356 4094798 0.02
357 4094715 0.02
358 4094773 0.02
359 4094656 0.02
360 4094471 0.02
361 4094501 0.02
362 4094281 0.02
363 4094022 0.02
364 4092706 0.01
365 4090294 0.01
366 4086166 -0.01
367 4082086 -0.03
368 4089312 -0.05
369 4086568 -0.07
370 4084017 -0.10
371 4077666 -0.14
372 4€73258 -0.19
373 4069800 -0.25
374 4069045 -0.31
375 4072060 -0.36
376 4061284 -0.41
377 4048124 -0.48
378 4039939 -0.59
379 4013983 -0.73
380 3986018 -0.92
381 3917861 -1.18
382 3890510 -1.65
383 3858892 -2.19
384 3801634 -2.83
385 3795669 -3.61
386 3748964 -4.37
387 3724216 -5.25
3€8 3715826 -6.13
389 3711706 -6.95
390 3716000 -7.56
391 3718957 -8.07
392 3722041 -8.49
393 3719861 -8.73
394 3718204 -8.97
395 3716528 -9.07
396 3716056 -9.09
397 3716196 -9.11
398 3715900 -9.11
399 3715889 -9.11
400 3715849 -9.11
401 3716058 -9.12
402 3716872 -9.13
403 3716542 -9.13
404 3715937 -9.13
405 3715809 -9.14
406 3715537 -9.14
407 3715974 -9.14
408 3715819 -9.14
409 3715409 -9.14
410 3715722 -9.14
411 3716208 -9.14
412 3716434 -9.14
413 3716030 -9.14
414 3715562 -9.14
415 3715798 -9.14
416 3715994 -9.14
417 3715939 -9.14
418 3715486 -9.14
419 3715563 -9.14
420 3715899 -9.14
421 3716474 -9.14
422 3716060 -9.14
423 3715721 -9.14
424 3715340 -9.14
425 3715412 -9.14
426 3715666 -9.14
427 3715641 -9.15
428 3715189 -9.15
429 3715441 -9.15
430 3715888 -9.15
431 3715949 -9.15
432 3715688 -9.15
433 3715414 -9.15
434 3715524 -9.15
435 3715690 -9.15
436 3715615 -9.15
437 3715247 -9.15
438 3715174 -9.15
439 3715577 -9.15
440 3715802 -9.15
441 3715677 -9.15
442 3715296 -9.15
443 3715161 -9.15
444 3715441 -9.15
445 3715564 -9.15
446 3715502 -9.15
447 3715251 -9.15
448 3715282 -9.15
449 3715615 -9.15
450 3715638 -9.15
451 3715499 -9.15
452 3715007 -9.15
453 3715080 -9.15
454 3715343 -9.15
455 3715324 -9.15
456 3715180 -9.15
457 3714877 -9.16
458 3715136 -9.16
459 3715463 -9.16
460 3715397 -9.16
461 3715082 -9.16
462 3714826 -9.16
463 3715110 -9.16
464 3715191 -9.16
465 3715064 -9.16
466 3714900 -9.16
467 3714815 -9.16
468 3715226 -9.16
469 3715431 -9.16
470 3715385 -9.16
471 3714894 -9.16
472 3714706 -9.16
473 3714965 -9.16
474 3715150 -9.16
475 3714973 -9.16
476 3714720 -9.16
477 3714805 -9.16
478 3715229 -9.16
479 3715243 -9.16
480 3715037 -9.16
481 3714724 -9.16
482 3714669 -9.16
483 3714935 -9.16
484 3714877 -9.16
485 3714770 -9.16
486 3714617 -9.17
487 3714908 -9.16
488 3715215 -9.16
489 3715046 -9.17
490 3714900 -9.17
491 3714519 -9.17
492 3714753 -9.17
493 3714960 -9.17
494 3714818 -9.17
495 3714721 -9.17
496 3714641 -9.17
497 3715037 -9.17
498 3715139 -9.17
499 3714818 -9.17
500 3714645 -9.17
501 3714568 -9.17
502 3714801 -9.17
503 3714873 -9.17
504 3714692 -9.17
505 3714659 -9.17
506 3714744 -9.17
507 3715085 -9.17
508 3715063 -9.17
509 3714698 -9.17
510 3714585 -9.17
511 3714597 -9.17
512 37148€0 -9.17
513 3714841 -9.17
514 3714739 -9.17
515 3714621 -9.17
516 3714800 -9.17
517 3715159 -9.17
518 3715114 -9.17
519 3714781 -9.17
520 3714608 -9.17
521 3714711 -9.17
522 3714800 -9.17
523 3714716 -9.17
524 3714402 -9.17
525 3714771 -9.17
526 3714963 -9.17
527 3714325 -9.17
528 3756482 -9.17
529 3843106 -9.04
530 3990135 -8.65
531 4083876 -7.82
532 4094552 -6.71
533 4094884 -5.56
534 4094699 -4.41
535 4094799 -3.26
536 4094748 -2.11
537 4094654 -1.09
538 4094468 -0.33
539 4094219 -0.02
540 4093341 0.01
541 4092611 0.01
542 4093640 0.01
543 4094148 0.01
544 4094142 0.01
545 4094266 0.00
546 4094123 0.00
547 4093900 0.00
548 4093524 -0.00
549 4093015 -0.01
550 4093601 -0.00
551 4093592 -0.00
552 4093357 -0.00
553 4093206 -0.01
554 4093239 -0.01
555 4093045 -0.01
556 4092697 -0.01
557 4092373 -0.02
558 4091866 -0.02
5€9 4091644 -0.02
560 4090712 -0.03
561 4089214 -0.04
562 4088135 -0.05
563 4087610 -0.07
564 40876€4 -0.08
565 4088776 -0.09
566 4089649 -0.10
567 4089681 -0.11
568 4089348 -0.12
569 4093267 -0.12
570 4094218 -0.11
571 4094527 -0.09
572 4094563 -0.07
573 4094094 -0.05
574 4093938 -0.04
575 4093594 -0.03
576 4094066 -0.01
577 4093655 -0.00
578 4093420 0.00
579 4093515 0.00
580 4093894 -0.00
581 4093393 -0.00
582 4093097 -0.01
583 4093265 -0.01
584 4093564 -0.01
585 4093073 -0.01
586 4093046 -0.01
587 4093965 -0.01
588 4094585 -0.01
589 4094696 -0.01
590 4094682 -0.01
591 4094722 -0.00
592 4094821 0.00
593 4094765 0.01
594 4094731 0.01
595 4094498 0.02
596 4093978 0.02
597 4094222 0.02
598 4094649 0.02
599 4094709 0.02
600 4094579 0.02
601 4094427 0.02
602 4094410 0.01
603 4094132 0.01
604 4094012 0.01
605 4094421 0.01
606 4094253 0.01
607 4093691 0.01
608 4092418 0.01
609 4091922 0.00
610 4092818 -0.00
611 4093693 -0.01
612 4092834 -0.01
613 4092357 -0.02
614 4092129 -0.02
615 4091803 -0.03
616 4090311 -0.03
617 4090894 -0.04
618 4092353 -0.04
619 4092565 -0.04
620 4093352 -0.04
621 4093541 -0.04
622 4093739 -0.04
623 4093920 -0.03
624 4093774 -0.03
625 4093785 -0.02
626 4093588 -0.01
627 4093375 -0.01
628 4093302 -0.01
629 4093650 -0.01
630 4093364 -0.01
631 4092720 -0.01
632 4091885 -0.01
633 4091386 -0.02
634 4091652 -0.02
635 4092386 -0.03
636 4092595 -0.03
637 4092806 -0.03
638 4093238 -0.03
639 4093147 -0.03
640 4092326 -0.04
641 4091653 -0.04
642 4091063 -0.04
643 4092218 -0.04
644 4092544 -0.04
645 4093148 -0.03
646 4093717 -0.03
647 4092905 -0.03
648 4092672 -0.03
649 4092844 -0.03
6€0 4091887 -0.04
651 4091693 -0.04
652 4091446 -0.04
653 4092072 -0.04
654 4089830 -0.04
6€5 4090817 -0.05
656 4091331 -0.05
657 4092602 -0.05
658 4093669 -0.05
659 4093119 -0.05
660 4092304 -0.05
661 4092335 -0.05
662 4091438 -0.05
663 4089009 -0.05
664 4087384 -0.06
665 4088251 -0.06
666 4090964 -0.06
667 4093195 -0.06
668 4093407 -0.06
669 4093660 -0.06
670 4093766 -0.06
671 4093713 -0.05
672 4093880 -0.05
673 4094129 -0.03
674 4093980 -0.01
675 4093907 -0.01
676 4093942 -0.00
677 4094290 -0.00
678 4094204 0.00
679 4094233 0.00
680 4094155 0.00
681 4094141 0.00
682 4094167 0.00
683 4094061 0.00
684 4094202 0.00
685 4094145 0.01
686 4094066 0.01
687 4094013 0.00
688 4094055 0.00
689 4093974 0.00
690 4094189 0.00
691 4093892 0.00
692 4093726 0.00
693 4093772 0.00
694 4093911 0.00
695 4094061 0.00
696 4093978 0.00
697 4093946 0.00
698 4094309 0.00
699 4094207 0.00
700 4094176 0.00
701 4093870 0.00
702 4094091 0.00
703 4094461 0.00
704 4094357 0.00
705 4094688 0.01
706 4094684 0.01
707 4094497 0.01
708 4094321 0.01
709 4094831 0.01
710 4094615 0.01
711 4094573 0.01
712 4094670 0.02
713 4094652 0.02
714 4094576 0.02
715 4094601 0.02
716 4094664 0.02
717 4094639 0.02
718 4094567 0.02
719 4094504 0.02
720 4094520 0.02
721 4094652 0.02
722 4095130 0.02
723 4095256 0.02
724 4094953 0.02
725 4095103 0.02
726 4094878 0.02
727 4094711 0.02
728 4094507 0.02
729 4094644 0.02
730 4094776 0.02
731 4094656 0.02
732 4094670 0.02
733 4094650 0.02
734 4094614 0.02
735 4094629 0.02
736 4094765 0.02
737 4094622 0.02
738 4094652 0.02
739 4094722 0.02
740 4094676 0.02
741 4093440 0.02
742 4093607 0.01
743 4094645 0.01
744 4094579 0.01
745 4094601 0.01
746 4094588 0.01
747 4094600 0.01
748 4094657 0.01
749 4094748 0.01
750 4094758 0.01
751 4093363 0.01
752 4094500 0.02
753 4094304 0.02
754 4094675 0.02
755 4094731 0.02
756 4094664 0.02
757 4094669 0.02
758 4094619 0.02
759 4094669 0.02
760 4094642 0.02
761 4093799 0.02
762 4093322 0.01
763 4094380 0.01
764 4094669 0.01
765 4094616 0.01
766 4094664 0.01
767 4094722 0.01
768 4094659 0.01
769 4094694 0.01
770 4094661 0.01
771 4093274 0.01
772 4094433 0.02
773 4093613 0.01
774 4094879 0.01
775 4094613 0.01
776 4094672 0.01
777 4094613 0.01
778 4094904 0.01
779 4094720 0.01
780 4094734 0.01
781 4094703 0.02
782 4094151 0.02
783 4093418 0.02
784 4094634 0.02
785 4094604 0.02
786 4094646 0.02
787 4094402 0.02
788 4094542 0.01
789 4094518 0.01
790 409446€ 0.01
791 4094488 0.01
792 4094498 0.01
793 4094537 0.01
794 4094507 0.01
795 4094511 0.01
796 4094635 0.01
797 4094500 0.01
798 4094577 0.01
799 4094472 0.01
800 4094528 0.01
801 4094514 0.01
802 4094521 0.01
80€094528 0.01
804 4094519 0.01
805 4094528 0.01
806 4094532 0.01
807 4094500 0.01
808 4094614 0.01
809 4094728 0.01
810 4094745 0.02
811 4094802 0.02
812 4094840 0.02
813 4094582 0.02
814 4094478 0.02
815 4094577 0.02
816 4094580 0.02
817 4094703 0.02
818 4094601 0.02
819 4094788 0.02
820 4094873 0.02
821 4094773 0.02
822 4094827 0.02
823 4094834 0.02
824 4094831 0.02
825 4094812 0.02
826 4094902 0.02
827 4094772 0.02
828 4094812 0.02
829 4094863 0.02
830 4094876 0.02
831 4094754 0.02
832 4094626 0.02
833 4094502 0.02
834 4094818 0.02
835 4094734 0.02
836 4094764 0.02
837 4094874 0.02
838 4094661 0.02
839 4094691 0.02
840 4094695 0.02
841 4094673 0.02
842 4094600 0.02
843 4094688 0.02
844 4094370 0.02
845 4094627 0.02
846 4094358 0.02
847 4094489 0.02
848 4094991 0.02
849 4094811 0.02
850 4094672 0.02
851 4094756 0.02
852 4094728 0.02
853 4094957 0.02
854 4094926 0.02
855 4093357 0.02
856 4094806 0.02
857 4094686 0.02
858 4094702 0.02
859 4094602 0.02
860 4094654 0.02
861 4094732 0.02
862 4094807 0.02
863 4094736 0.02
864 4094781 0.02
865 4094740 0.02
866 4094643 0.02
867 4094756 0.02
868 4094647 0.02
869 4094803 0.02
870 4094776 0.02
871 4094844 0.02
872 4094878 0.02
873 4094923 0.02
874 4094892 0.02
875 4094762 0.02
876 4094761 0.02
877 4094708 0.02
878 4094648 0.02
879 4094697 0.02
880 4094732 0.02
881 4094534 0.02
882 4094612 0.02
883 4094679 0.02
884 4094784 0.02
885 4094871 0.02
886 4094817 0.02
887 4094732 0.02
888 4094576 0.02
889 4092944 0.02
890 4094883 0.02
891 4094894 0.02
892 4094831 0.02
893 4094809 0.02
894 4094894 0.02
895 4094809 0.02
896 4094787 0.02
897 4094315 0.02
898 4092846 0.01
899 4094864 0.02
900 4094002 0.02
901 4094809 0.02
902 4095131 0.02
903 4094735 0.02
904 4094705 0.02
905 4094743 0.02
906 4094735 0.02
907 4094752 0.02
908 4094729 0.02
909 4094401 0.02
910 4094774 0.02
911 4093630 0.02
912 4094749 0.02
913 4094834 0.02
914 4094857 0.02
915 4094979 0.02
916 4094831 0.02
917 4094872 0.02
918 4094811 0.02
919 4094676 0.02
920 4094463 0.02
921 4093461 0.02
922 4094793 0.02
923 4094719 0.02
924 4094737 0.02
925 4094735 0.02
926 4094574 0.02
927 4094629 0.02
928 4094869 0.02
929 4094837 0.02
930 4093555 0.02
931 4094912 0.02
932 4094647 0.02
933 4094870 0.02
934 4095039 0.02
935 4094909 0.02
936 4094717 0.02
937 4094726 0.02
938 4094612 0.02
939 4093963 0.02
940 4093353 0.02
941 4092831 0.01
942 4092550 0.01
943 4091459 0.00
944 4090182 -0.01
945 4090207 -0.02
946 4089927 -0.04
947 4091305 -0.05
948 4092955 -0.05
949 4092898 -0.05
950 4093486 -0.05
951 4094263 -0.05
952 4094506 -0.04
953 4094704 -0.04
954 4094582 -0.02
955 4094249 -0.01
956 4094063 -0.00
957 4094488 0.00
958 4094612 0.01
959 4094539 0.01
960 4094427 0.01
961 4093339 0.01
962 4093086 0.01
963 4092951 0.00
964 4093704 0.00
965 4094301 0.00
966 4094772 0.00
967 4094811 0.00
968 4094886 0.00
969 4095032 0.01
970 4095003 0.01
971 4093903 0.01
972 4093638 0.01
973 4094652 0.01
974 4094901 0.02
975 40950€1 0.02
976 4094859 0.02
977 4094845 0.02
978 4094795 0.02
979 4094794 0.02
980 4094834 0.02
981 4094827 0.02
982 4094891 0.02
983 4094940 0.02
984 4094885 0.02
985 4094784 0.02
986 4094824 0.02
987 4094994 0.02
988 4094857 0.02
989 4094888 0.02
990 4095034 0.02
991 4094945 0.02
992 4094952 0.02
993 4094969 0.02
994 4095002 0.02
995 4094909 0.02
996 4094609 0.02
997 4094533 0.02
998 4094674 0.02
999 4094553 0.02
1000 4094544 0.02
1001 4094575 0.02
1002 4094510 0.02
1003 4094398 0.02
1004 4094275 0.01
1005 4094509 0.01
1006 4094179 0.01
1007 4094493 0.01
1008 4094473 0.01
1009 4094345 0.01
1010 4094973 0.01
1011 4095026 0.01
1012 4095077 0.02
1€13 4094963 0.02
1014 4094747 0.02
1015 4095051 0.02
1016 4095212 0.02
1017 4095218 0.02
1018 4095143 0.03
1019 4094846 0.03
1020 4095079 0.03
1021 4094849 0.03
1022 4095395 0.03
1023 4095073 0.03
1024 4094852 0.03
1025 4094747 0.03
1026 4094846 0.03
1027 4095271 0.03
1028 4094569 0.02
1029 4094044 0.02
1030 4092889 0.02
1031 4093555 0.02
1032 4094039 0.01
1033 4094116 0.01
1034 4093682 0.01
1035 4094796 0.01
1036 4096263 0.01
1037 4091252 0.00
1038 4090697 -0.01
1039 4094093 -0.01
1040 4095701 -0.00
1041 4096783 0.01
1042 4095975 0.01
1043 4094842 0.02
1044 4097173 0.02
1045 4096766 0.03
1046 4095535 0.03
1047 4094422 0.04
1048 4093331 0.04
1049 4090355 0.04
1050 4087242 0.02
1051 4084223 -0.01
1052 4082521 -0.04
1053 4082794 -0.08
1054 4084296 -0.12
1055 4085867 -0.15
1056 4088777 -0.17
1057 4092179 -0.17
1058 4089510 -0.18
1059 4091173 -0.17
1060 4093213 -0.16
1061 4093396 -0.13
1062 4094516 -0.10
1063 4094848 -0.07
1064 4095039 -0.04
1065 4095168 -0.02
1066 4095108 -0.01
1067 4094031 -0.00
1068 4089035 -0.00
1069 4086855 -0.01
1070 4087080 -0.03
1071 4094080 -0.02
1€72 4093101 -0.03
1073 4091134 -0.04
1074 4093054 -0.04
1075 4091422 -0.06
1076 4092316 -0.06
1077 4090342 -0.07
1078 4092725 -0.06
1079 4093626 -0.04
1080 4094695 -0.03
1081 4095179 -0.03
1082 4094542 -0.02
1083 4095747 -0.01
1084 4095355 -0.00
1085 4094006 0.00
1086 4092584 0.00
1087 4089635 0.00
1088 4084598 -0.01
1089 4083027 -0.03
1090 4091957 -0.04
1091 4088859 -0.06
1092 4086786 -0.08
1093 4085378 -0.11
1094 4088596 -0.13
1095 4085980 -0.15
1096 4068511 -0.18
1097 4076361 -0.22
1098 4067035 -0.27
1099 4066711 -0.31
1100 4075041 -0.36
1101 40898€4 -0.36
1102 4086512 -0.36
1103 4090893 -0.34
1104 4088883 -0.34
1105 4089403 -0.33
1106 4079132 -0.30
1107 4076613 -0.30
1108 4081593 -0.26
1109 4081180 -0.24
1110 4086526 -0.21
1111 4088907 -0.21
1112 4084890 -0.21
1113 4088090 -0.22
1114 4090223 -0.22
1115 4093552 -0.21
1116 4094736 -0.17
1117 4093462 -0.13
1118 4091290 -0.10
1119 4090226 -0.09
1120 4091920 -0.07
1121 4091751 -0.06
1122 4092580 -0.05
1123 4091807 -0.05
1124 4090581 -0.04
1125 4093141 -0.05
1126 4092607 -0.05
1127 4093520 -0.05
1128 4093805 -0.04
1129 4094412 -0.03
1130 4094731 -0.02
1131 4094702 -0.01
1132 4094711 -0.01
1133 4094598 0.00
1134 4094452 0.01
1135 4094552 0.01
1136 4094022 0.01
1137 4094072 0.01
1138 4093995 0.01
1139 4094095 0.01
1140 4093448 0.01
1141 4093607 0.01
1142 4093737 0.00
1143 4093474 -0.00
1144 4094265 -0.00
1145 4094250 -0.00
1146 4092657 -0.00
1147 4083523 -0.01
1148 4087772 -0.03
1149 4094463 -0.03
1150 4095218 -0.02
1151 4095439 -0.02
1152 4095390 -0.01
1153 4095165 -0.01
1154 4095126 -0.00
1155 4094834 -0.00
1156 4094827 0.00
1157 4094577 0.02
1158 4095413 0.03
1159 4095821 0.03
1160 4096074 0.03
1161 4096102 0.03
1162 4095780 0.03
1163 4094911 0.03
1164 4094406 0.03
1165 4094052 0.03
1166 4102912 0.04
1167 4107462 0.06
1168 4116713 0.10
1169 4116057 0.16
1170 4119409 0.22
1171 4115556 0.28
1172 4111151 0.33
1173 4111046 0.37
1174 4109218 0.42
1175 4117686 0.46
1176 4119650 0.50
1177 4120923 0.53
1178 4129705 0.54
1179 4112860 0.53
1180 4113497 0.52
1181 4118716 0.53
1182 4118951 0.55
1183 4111727 0.55
1184 4099262 0.55
1185 4092033 0.50
1186 4076921 0.41
1187 4076544 0.28
1188 4069617 0.15
1189 3999443 0.02
1190 3973515 -0.32
1191 3944216 -0.76
1192 3870983 -1.27
1193 3879453 -1.93
1194 3735610 -2.60
1195 3667953 -3.63
1196 3618293 -4.87
1197 3570908 -6.23
1198 3499627 -7.53
1199 3414397 -8.96
1200 3388243 -10.56
1201 3372620 -12.05
1202 3350303 -13.55
1203 3340093 -14.72
1204 3334898 -15.71
1205 3336293 -16.56
1206 3332361 -17.27
1207 3415350 -17.53
1208 3199441 -17.78
1209 3284738 -18.17
1210 3375910 -18.21
1211 3348838 -18.28
1212 3339050 -18.31
1213 3338045 -18.32
1214 3329195 -18.34
1215 3338716 -18.33
1216 3329929 -18.34
1217 3329951 -18.48
1218 3338878 -18.31
1219 3336069 -18.29
1220 3338824 -18.32
1221 3335662 -18.33
1222 3330838 -18.36
1223 3335685 -18.36
1224 3341731 -18.34
1225 3343222 -18.33
1226 3343869 -18.29
1227 3341465 -18.25
1228 3337525 -18.26
1229 3338065 -18.25
1230 3338442 -18.25
1231 3337707 -18.25
1232 3336418 -18.25
1233 3335549 -18.25
1234 3335832 -18.26
1235 3335544 -18.29
1236 3335038 -18.30
1237 3334882 -18.31
1238 3335694 -18.32
1239 3335120 -18.33
1240 3335625 -18.34
1241 3335402 -18.34
1242 3335512 -18.34
1243 3335485 -18.34
1244 3335829 -18.34
1245 3335292 -18.34
1246 3334862 -18.34
1247 3334974 -18.34
1248 3335105 -18.34
1249 3335086 -18.34
1250 3335216 -18.34
1251 3335382 -18.34
1252 3335563 -18.34
1253 3335532 -18.34
1254 3335583 -18.34
1255 3335336 -18.34
1256 3335133 -18.34
1257 3335054 -18.34
1258 3335223 -18.34
1259 3330103 -18.34
1260 3328002 -18.36
1261 3334250 -18.36
1262 3333562 -18.37
1263 3331729 -18.38
1264 3332358 -18.39
1265 3333316 -18.39
1266 3332555 -18.40
1267 3333631 -18.41
1268 3333927 -18.41
1269 3333814 -18.40
1270 3334029 -18.39
1271 3334341 -18.39
1272 3333500 -18.39
1273 3333000 -18.39
1274 3335636 -18.38
1275 3335383 -18.38
1276 3335082 -18.37
1277 3335074 -18.36
1278 3335259 -18.36
1279 3335234 -18.36
1280 3335401 -18.35
1281 3335507 -18.35
1282 3335541 -18.34
1283 3335387 -18.34
1284 3335423 -18.34
1285 3335249 -18.34
1286 3335211 -18.34
1287 3335241 -18.34
1288 3335375 -18.34
1289 3335337 -18.34
1290 3335440 -18.34
1291 3334532 -18.34
1292 3335133 -18.34
1293 3335217 -18.34
1294 3335421 -18.34
1295 3335215 -18.34
1296 3335258 -18.34
1297 3335324 -18.34
1298 3335412 -18.34
1299 3335400 -18.34
1300 3335531 -18.34
1301 3335394 -18.34
1302 3335183 -18.34
1303 3335275 -18.34
1304 3335256 -18.34
1305 3335298 -18.34
1306 3335269 -18.34
1307 3335553 -18.34
1308 3335397 -18.34
1309 3335491 -18.34
1310 3335422 -18.34
1311 3335378 -18.34
1312 3335234 -18.34
1313 3335334 -18.34
1314 3335541 -18.34
1315 3335396 -18.34
1316 3335468 -18.34
1317 3335612 -18.34€1318 3335473 -18.34
1319 3335658 -18.34
1320 3335517 -18.34
1321 3335458 -18.34
1322 3335309 -18.34
1323 3335385 -18.34
1324 3335450 -18.34
1325 3335523 -18.34
1326 3335658 -18.34
1327 3334264 -18.34
1328 3335888 -18.34
1329 3335722 -18.34
1330 3335829 -18.34
1331 3335820 -18.34
1332 3335761 -18.33
1333 3335852 -18.33
1334 3335928 -18.33
1335 3335943 -18.33
1336 3335772 -18.33
1337 3336102 -18.33
1338 3335837 -18.33
1339 3336093 -18.33
1340 3335899 -18.33
1341 3335871 -18.33
1342 3335833 -18.33
1343 3335762 -18.33
1344 3335946 -18.33
1345 3336074 -18.33
1346 3335776 -18.33
1347 3334805 -18.33
1348 3335498 -18.33
1349 3335569 -18.33
1350 3335620 -18.33
1351 3335729 -18.33
1352 3335605 -18.33
1353 3335657 -18.33
1354 3335694 -18.33
1355 3335708 -18.33
1356 3335057 -18.34
1357 3335684 -18.33
1358 3334934 -18.34
1359 3335547 -18.34
1360 3335662 -18.34
1361 3335705 -18.34
1362 3335685 -18.34
1363 3335709 -18.34
1364 3335719 -18.34
1365 3335744 -18.34
1366 3335638 -18.33
1367 3335677 -18.33
1368 3335640 -18.33
1369 3335706 -18.33
1370 3335871 -18.33
1371 3335860 -18.33
1372 3335811 -18.33
1373 3335777 -18.33
1374 3335655 -18.33
1375 3335621 -18.33
1376 3335654 -18.33
1377 3335528 -18.33
1378 3335742 -18.33
1379 3335753 -18.33
1380 3335866 -18.33
1381 3335801 -18.33
1382 3335716 -18.33
1383 3334608 -18.33
1384 3335367 -18.33
1385 3335365 -18.34
1386 3335762 -18.33
1387 3335455 -18.34
1388 3335516 -18.34
1389 3335411 -18.34
1390 3335552 -18.34
1391 3335582 -18.34
1392 3335565 -18.34
1393 3335295 -18.34
1394 3334879 -18.34
1395 3335208 -18.34
1396 3335412 -18.34
1397 3335370 -18.34
1398 3335335 -18.34
1399 3335489 -18.34
1400 3335507 -18.34
1401 3335610 -18.34
1402 3335541 -18.34
1403 3335348 -18.34
1404 3335369 -18.34
1405 3335343 -18.34
1406 3335677 -18.34€1407 3335622 -18.34
1408 3335590 -18.34
1409 3335580 -18.34
1410 3335693 -18.34
1411 3335600 -18.34
1412 3335580 -18.34
1413 3335477 -18.34
1414 3334870 -18.34
1415 3335580 -18.34
1416 3335643 -18.34
1417 3335718 -18.34
1418 3335855 -18.34
1419 3335768 -18.33
1420 3335723 -18.33
1421 3335674 -18.33
1422 3335659 -18.33
1423 3335583 -18.33
1€24 3335537 -18.33
1425 3335659 -18.33
1426 3335585 -18.33
1427 3335626 -18.33
1428 3335522 -18.33
1429 3335678 -18.34
1430 3335643 -18.34
1431 3335714 -18.34
1432 3335608 -18.34
1433 3335765 -18.33
1434 3335734 -18.33
1435 3335757 -18.33
1436 3335912 -18.33
1437 3335804 -18.33
1438 3335593 -18.33
1439 3335507 -18.33
1440 3335546 -18.33
1441 3335654 -18.33
1442 3335840 -18.33€
1443 3335786 -18.33
1444 3335918 -18.33
1445 3335844 -18.33
1446 3335811 -18.33
1447 3335722 -18.33
1448 3335686 -18.33
1449 3335593 -18.33
1450 3335626 -18.33
1451 3335524 -18.33
1452 3335479 -18.33
1453 3335482 -18.33
1454 3335587 -18.33
1455 3335639 -18.34
1456 3335563 -18.34
1457 3335473 -18.34
1458 3335465 -18.34
1459 3335454 -18.34
1460 3335625 -18.34
1461 3335646 -18.34
1462 3335524 -18.34
1463 3335647 -18.34
1464 3334385 -18.34
1465 3335625 -18.34
1466 3335431 -18.34
1467 3335520 -18.34
1468 3335615 -18.34
1469 3335545 -18.34
1470 3335235 -18.34
1471 3335254 -18.34
1472 3335396 -18.34
1473 3335585 -18.34
1474 3335064 -18.34
1475 3335442 -18.34
1476 3335544 -18.34
1477 3335302 -18.34
1478 3335625 -18.34
1479 3335600 -18.34
1480 3335526 -18.34
1481 3335552 -18.34
1482 3335608 -18.34
1483 3335818 -18.34
1484 3335577 -18.34
1485 3335445 -18.34
1486 3335550 -18.34
1487 3335412 -18.34
1488 3335427 -18.34
1489 3335534 -18.34
1490 3335642 -18.34
1491 3335691 -18.34
1492 3335422 -18.34
1493 3335375 -18.34
1494 3335499 -18.34
1495 3335420 -18.34
1496 3335382 -18.34
1497 3335242 -18.34
1498 3335690 -18.34
1499 3334946 -18.34
1500 3335167 -18.34
1501 3335584 -18.34
1502 3335473 -18.34
1503 3335464 -18.34
1504 3334937 -18.34
1505 3334811 -18.34
1506 3334669 -18.35
1507 3334569 -18.35
1508 3335660 -18.35
1509 3335373 -18.35
1510 3334988 -18.35
1511 3335580 -18.35
1512 3335354 -18.35
1513 3335617 -18.35
1514 3335551 -18.34
1515 3335613 -18.34
1516 3335517 -18.34
1517 3335237 -18.34
1518 3334630 -18.34
1519 3335493 -18.34
1520 3335503 -18.34
1521 3335826 -18.34
1522 3334951 -18.34
1523 3334010 -18.34
1524 3334987 -18.34
1525 3334579 -18.35
1526 3335311 -18.35
1527 3332210 -18.35
1528 3332643 -18.36
1529 3334313 -18.36
1530 3335464 -18.36
1531 3333846 -18.37
1532 3334307 -18.37
1533 3335136 -18.36
1534 3335650 -18.36
1535 3335188 -18.36
1536 3335092 -18.36
1537 3335222 -18.35
1538 3335776 -18.35
1539 3335395 -18.35
1540 3335477 -18.35
1541 3335509 -18.34
1542 3335589 -18.34
1543 3335531 -18.34
1544 3335130 -18.34
1545 3335557 -18.34
1546 3335561 -18.34
1547 3335670 -18.34
1548 3335592 -18.34
1549 3335143 -18.34
1550 3334888 -18.34
1551 3335484 -18.34
1552 3335164 -18.34
1553 3335394 -18.34
1554 3335862 -18.34
1555 3335204 -18.34
1556 3335759 -18.34
1557 3335959 -18.34
1558 3335822 -18.34
1559 3335586 -18.34
1560 3335589 -18.34
1561 3335338 -18.34€
1562 3335152 -18.34
1563 3335713 -18.34
1564 3335267 -18.34
1565 3335602 -18.34
1566 3335075 -18.34
1567 3335487 -18.34
1568 3335341 -18.34
1569 3335511 -18.34
1570 3335010 -18.34
1571 3335644 -18.34
1572 3335437 -18.34
1573 3335332 -18.34
1574 3335242 -18.34
1575 3335212 -18.34
1576 3335607 -18.34
1577 3334959 -18.34
1578 3335336 -18.34
1579 3335612 -18.34
1580 3335132 -18.34
1581 3335675 -18.34
1582 3335155 -18.34
1583 3335643 -18.34
1584 3335869 -18.34
1585 3335330 -18.34
1586 3335263 -18.34
1587 3335500 -18.34
1588 3335138 -18.34
1589 3335157 -18.34
1590 3335533 -18.34
1591 3335425 -18.34
1592 3335568 -18.34
1593 3335645 -18.34
1594 3335463 -18.34
1595 3335530 -18.34
1596 3334718 -18.34
1597 3334474 -18.34
1598 3335555 -18.34
1599 3335826 -18.34
1600 3335673 -18.34
1601 3335859 -18.34
1602 3335746 -18.34
1603 3331788 -18.34
1604 3335546 -18.34
1605 3335761 -18.34
1606 3335577 -18.34
1607 3335415 -18.33
1608 3335600 -18.33
1609 3335335 -18.34
1610 3335678 -18.34
1611 3335487 -18.34
1612 3335178 -18.34
1613 3335591 -18.34
1614 3335625 -18.34
1615 3335550 -18.34
1616 3335792 -18.34
1617 3336036 -18.34
1618 3336445 -18.33
1619 3334637 -18.34
1620 3337252 -18.33
1621 3335587 -18.33
1622 3335100 -18.33
1623 3335197 -18.33
1624 3332572 -18.34
1625 3334272 -18.34
1626 3334365 -18.35
1627 3335088 -18.35
1628 3335799 -18.35
1629 3335535 -18.35
1630 3333842 -18.35
1631 3335303 -18.35
1632 3336875 -18.35
1633 3336819 -18.35
1634 3336187 -18.34
1635 3335826 -18.34
1636 3335944 -18.33
1637 3335516 -18.33
1638 3335376 -18.33
1639 3335415 -18.33
1640 3335407 -18.33
1641 3335560 -18.33
1642 3335554 -18.33
1643 3335593 -18.34
1644 3335567 -18.34
1645 3335541 -18.34
1646 3335661 -18.34
1647 3335706 -18.34
1648 3335687 -18.34
1649 3335638 -18.34
1650 3335652 -18.34
1651 3335619 -18.34
1652 3335641 -18.33
1653 3335657 -18.33
1654 3335117 -18.33
1655 3335660 -18.33
1656 3335652 -18.33
1657 3335781 -18.33
1658 3335748 -18.33
1659 3335730 -18.33
1660 3335589 -18.33
1661 3335596 -18.33
1662 3334818 -18.34
1663 3335621 -18.34
1664 3335688 -18.33
1665 3335711 -18.33
1666 3335663 -18.33
1667 3335669 -18.33
1668 3335581 -18.33
1669 3335792 -18.33
1670 3335859 -18.33
1671 3334866 -18.34
1672 3334166 -18.34
1673 3335639 -18.34
1674 3335721 -18.34
1675 3336202 -18.34
1676 3335677 -18.34
1677 3335636 -18.34
1678 3335650 -18.34
1679 3335690 -18.34
1680 3335658 -18.34
1681 3335620 -18.33
1682 3334877 -18.33
1683 3335676 -18.33
1684 3335648 -18.33
1685 3335633 -18.33
1686 3335648 -18.33
1687 3335609 -18.33
1688 3335696 -18.33
1689 3335673 -18.33
1690 3335275 -18.34
1691 3335039 -18.34
1692 3335285 -18.34
1693 3335771 -18.34
1694 3335921 -18.34
1695 3335743 -18.34
1696 3335606 -18.34
1697 3335609 -18.34
1698 3335754 -18.34
1699 3335803 -18.34
1700 3335860 -18.33
1701 3335872 -18.33
1702 3335829 -18.33
1703 3335708 -18.33
1704 3335684 -18.33
1705 3335718 -18.33
1706 3335822 -18.33
1707 3335623 -18.33
1708 3335783 -18.33
1709 3336060 -18.33
1710 3335763 -18.33
1711 3335732 -18.33
1712 3335834 -18.33
1713 3335791 -18.33
1714 3334682 -18.33
1715 3334855 -18.33
1716 3335244 -18.34
1717 3335173 -18.34
1718 3334825 -18.34
1719 3335723 -18.34
1720 3335822 -18.34
1721 3335803 -18.34
1722 3335714 -18.34
1723 3335616 -18.34
1724 3335656 -18.34
1725 3335653 -18.34
1726 3335769 -18.33
1727 3334991 -18.34
1728 3335075 -18.34€
1729 3335210 -18.34
1730 3335669 -18.34
1731 3335520 -18.34
1732 3335708 -18.34
1733 3335722 -18.34
1734 3335595 -18.34
1735 3335695 -18.34
1736 3335788 -18.34
1737 3335354 -18.34
1738 3335483 -18.34
1739 3335677 -18.33
1740 3335696 -18.33
1741 3335726 -18.33
1742 3335688 -18.33
1743 3335773 -18.33
1744 3335683 -18.33
1745 3335554 -18.33
1746 3334835 -18.34
1747 3335466 -18.34
1748 3335504 -18.34
1749 3335662 -18.34
1750 3335761 -18.33
1751 3335831 -18.33
1752 3335681 -18.33
1753 3335678 -18.34
1754 3335642 -18.34
1755 3335888 -18.33
1756 3335694 -18.33
1757 3335673 -18.33
1758 3335682 -18.33
1759 3335767 -18.33
1760 3335679 -18.33
1761 3335745 -18.33
1762 3335659 -18.33
1763 3335541 -18.33
1764 3335678 -18.33
1765 3335004 -18.33
1766 3335706 -18.33
1767 3335588 -18.33
1768 3335515 -18.33
1769 3335647 -18.34
1770 3335637 -18.34
1771 3335734 -18.34
1772 3335751 -18.33
1773 3335057 -18.34
1774 3335745 -18.34
1775 3335142 -18.34
1776 3335568 -18.34
1777 3335650 -18.34
1778 3335622 -18.34
1779 3335683 -18.34
1780 3335614 -18.34
1781 3335685 -18.34
1782 3335835 -18.34
1783 3335789 -18.33
1784 3334524 -18.34
1785 3334475 -18.34
1786 3335760 -18.34
1787 3335648 -18.34
1788 3335604 -18.34
1789 3335649 -18.34
1790 3335697 -18.34
1791 3335710 -18.34
1792 3335820 -18.34
1793 3335621 -18.34
1794 3334614 -18.34
1795 3335564 -18.33
1796 3335703 -18.33
1797 3335686 -18.33
1798 3335566 -18.33
1799 3335712 -18.33
1800 3335570 -18.33
1801 3335633 -18.33
1802 3335725 -18.33
1803 3335715 -18.33
1804 3335711 -18.33
1805 3335384 -18.33
1806 3335701 -18.33
1807 3335590 -18.33
1808 3335682 -18.33
1809 3335781 -18.33
1810 3335567 -18.33
1811 3335637 -18.33
1812 3335742 -18.33
1813 3335810 -18.33
1814 3335796 -18.33
1815 3335653 -18.33
1816 3335703 -18.33
1817 3335764€-18.33
1818 3335778 -18.33
1819 3335674 -18.33
1820 3335676 -18.33
1821 3335628 -18.33
1822 3335627 -18.33
1823 3335708 -18.33
1824 3335679 -18.33
1825 3335572 -18.33
1826 3335643 -18.33
1827 3335668 -18.33
1828 3335555 -18.33
1829 3335246 -18.33
1830 3335757 -18.33
1831 3335702 -18.33
1832 3335679 -18.33
1833 3335738 -18.33
1834 3335735 -18.33
1835 333€523 -18.33
1836 3335484 -18.33
1837 3335374 -18.34
1838 3335582 -18.34
1839 3335475 -18.34
1840 3335245 -18.34
1841 3335454 -18.34
1842 3335622 -18.34
1843 3335742 -18.34
1844 3335811 -18.34
1845 3335650 -18.34
1846 3335829 -18.34
1847 3335791 -18.33
1848 3335848 -18.33
1849 3335876 -18.33
1850 3335777 -18.33
1851 3335681 -18.33
1852 3335679 -18.33
1853 3335672 -18.33
1854 3335732 -18.33
1855 3335690 -18.33
1856 3335719 -18.33
1857 3335763 -18.33
1858 3335736 -18.33
1859 3335735 -18.33
1860 3335688 -18.33
1861 3335650 -18.33
1862 3335658 -18.33
1863 3335554 -18.33
1864 3335684 -18.33
1865 3335724 -18.33
1866 3335657 -18.33
1867 3335678 -18.33
1868 3335705 -18.33
1869 3335706 -18.33
1870 3335730 -18.33
1871 3335641 -18.33
1872 3335703 -18.33
1873 3335697 -18.33
1874 3335804 -18.33
1875 3335729 -18.33
1876 3335736 -18.33
1877 3335773 -18.33
1878 3335731 -18.33
1879 3335708 -18.33
1880 3335714 -18.33
1881 3335692 -18.33
1882 3335729 -18.33
1883 3335823 -18.33
1884 3335808 -18.33
1885 3335915 -18.33
1886 3335742 -18.33
1887 3335828 -18.33
1888 3335740 -18.33
