514 -27.08 4138¡82
Config_Reg : 
1
4
50
0
 
4120415 8259085 12397148 16537395 20678104 24818752 28958299 33096663 37237084 41374946 45512866 49650974 53788348 57926084 62064069 66201506 70339101 74477121 78615008 82752493 Average: 4137624
0 0.00 4137761
1 0.00 4137743
2 0.02 4138430
3 0.02 4138316
4 0.02 4138239
5 0.01 4138231
6 0.01 4138198
7 0.01 4138110
8 0.01 4138040
9 0.01 4137911
10 0.01 4137876
11 0.01 4137934
12 0.01 4137934
13 0.01 4137980
14 0.01 4137948
15 0.01 4137905
16 0.01 4137888
17 0.01 4137891
18 0.01 4137907
19 0.00 4137823
20 0.00 4137824
21 0.00 4137741
22 0.00 4137665
23 0.00 4137648
24 0.00 4137641
25 -0.00 4137604
26 -0.00 4137576
27 -0.00 4137602
28 -0.00 4137617
29 -0.00 4137614
30 0.00 4137650
31 0.00 4137649
32 -0.00 4137618
33 -0.00 4137621
34 -0.00 4137592
35 -0.00 4137557
36 -0.00 4137550
37 -0.00 4137581
38 0.00 4137814
39 0.01 4138089
40 0.01 4138009
41 0.01 4138023
42 0.01 4138041
43 0.01 4137989
44 0.01 4138032
45 0.01 4138045
46 0.02 4138328
47 0.01 4138037
48 0.00 4137805
49 -0.00 4137526
50 -0.00 4137551
51 -0.00 4137522
52 -0.00 4137530
53 -0.00 4137572
54 -0.00 4137566
55 -0.00 4137559
56 -0.00 4137521
57 -0.00 4137533
58 -0.00 4137491
59 -0.00 4137486
60 -0.00 4137480
61 -0.00 4137505
62 -0.00 4137503
63 -0.00 4137498
64 -0.00 4137500
65 -0.00 4137529
66 -0.00 4137516
67 -0.00 4137538
68 -0.00 4137574
69 0.01 4137872
70 0.01 4137913
71 0.01 4137909
72 0.01 4137888
73 0.01 4137884
74 0.01 4137874
75 0.00 4137816
76 0.01 4138131
77 0.01 4137842
78 0.00 4137817
79 -0.00 4137555
80 -0.00 4137518
81 0.00 4137803
82 0.01 4138123
83 0.01 4138113
84 0.01 4138096
85 0.01 4138096
86 0.00 4137786
87 0.01 4138060
88 0.02 4138350
89 0.02 4138593
90 0.02 4138597
91 0.02 4138292
92 0.01 4138004
93 0.02 4138309
94 0.02 4138626
95 0.03 4138652
96 0.03 4138694
97 0.02 4138441
98 0.01 4138137
99 0.01 4138162
100 0.02 4138469
101 0.02 4138487
102 0.02 4138486
103 0.01 4138180
104 0.01 4138038
105 0.02 4138343
106 0.02 4138290
107 0.02 4138260
108 0.01 4138221
109 0.01 4137859
110 -0.00 4137531
111 -0.00 4137467
112 -0.00 4137436
113 -0.01 4137390
114 -0.01 4137203
115 -0.01 4137191
116 -0.01 4137230
117 -0.01 4137230
118 -0.01 4137220
119 -0.01 4137219
120 -0.01 4137216
121 -0.01 4137249
122 -0.01 4137281
123 -0.01 4137306
124 -0.00 4137545
125 -0.00 4137574
126 -0.00 4137560
127 -0.01 4137293
128 -0.01 4137302
129 -0.01 4137306
130 -0.01 4137284
131 -0.01 4137283
132 -0.01 4137281
133 -0.01 4137288
134 -0.01 4137288
135 -0.01 4137260
136 -0.01 4137241
137 -0.01 4137233
138 -0.01 4137219
139 -0.01 4137206
140 -0.01 4137201
141 -0.01 4137179
142 -0.01 4137167
143 -0.01 4137146
144 -0.01 4137131
145 -0.01 4137131
146 -0.01 4137154
147 -0.01 4137187
148 -0.01 4137238
149 -0.01 4137268
150 -0.01 4137271
151 -0.01 4137271
152 -0.01 4137262
153 -0.01 4137257
154 -0.01 4137242
155 -0.00 4137522
156 -0.00 4137544
157 -0.00 4137498
158 -0.01 4137197
159 -0.01 4137174
160 -0.01 4137168
161 -0.01 4137174
162 -0.01 4137180
163 -0.01 4137198
164 -0.01 4137209
165 -0.01 4137161
166 -0.01 4137161
167 -0.01 4137166
168 -0.01 4137207
169 -0.01 4137255
170 -0.01 4137319
171 -0.01 4137349
172 -0.01 4137412
173 -0.00 4137447
174 -0.00 4137483
175 -0.00 4137530
176 -0.00 4137539
177 -0.00 4137539
178 -0.00 4137505
179 -0.00 4137472
180 0.00 4137703
181 0.00 4137691
182 0.00 4137682
183 0.01 4137931
184 0.01 4137894
185 0.01 4137850
186 0.00 4137802
187 0.00 4137785
188 0.01 4138074
189 0.01 4138073
190 0.01 4138084
191 0.02 4138390
192 0.01 4138101
193 0.00 4137809
194 0.00 4137800
195 0.00 4137798
196 0.01 4137832
197 0.01 4138136
198 0.01 4137845
199 0.01 4137854
200 -0.00 4137565
201 -0.01 4137278
202 -0.01 4137299
203 -0.01 4137303
204 -0.01 4137332
205 -0.01 4137350
206 -0.01 4137335
207 -0.01 4137335
