Config_Reg : 
1
4
50
0
 
4112222 8250921 12389522 16527741 20666092 24804639 28943302 33081715 37220084 41358261 45497107 49635396 53773111 57911276 62049408 66187300 70325503 74463695 78601855 82740713 Average: 4137035
0 0.10 4141127
1 0.07 4139795
2 0.08 4140234
3 0.07 4139754
4 0.06 4139389
5 0.05 4139161
6 0.05 4138964
7 0.04 4138842
8 0.04 4138720
9 0.03 4138454
10 0.03 4138060
11 0.02 4137997
12 0.02 4137936
13 0.02 4137936
14 0.02 4137913
15 0.02 4138021
16 0.03 4138362
17 0.03 4138360
18 0.04 4138676
19 0.04 4138655
20 0.04 4138615
21 0.04 4138585
22 0.04 4138562
23 0.03 4138209
24 0.03 4138207
25 0.03 4138065
26 0.02 4137771
27 0.02 4137749
28 0.02 4137749
29 0.02 4137729
30 0.02 4137728
31 0.02 4137764
32 0.02 4137813
33 0.02 4137873
34 0.02 4137943
35 0.02 4138037
36 0.03 4138092
37 0.03 4138437
38 0.04 4138790
39 0.05 4138935
40 0.05 4138936
41 0.05 4138936
42 0.05 4138879
43 0.05 4139140
44 0.04 4138734
45 0.04 4138684
46 0.04 4138595
47 0.03 4138232
48 0.02 4137933
49 0.02 4137786
50 0.02 4137734
51 0.02 4137763
52 0.02 4137788
53 0.02 4137727
54 0.02 4137722
55 0.02 4137722
56 0.02 4137812
57 0.02 4137866
58 0.02 4137895
59 0.02 4137945
60 0.03 4138380
61 0.04 4138791
62 0.04 4138866
63 0.05 4138893
64 0.05 4139268
65 0.06 4139584
66 0.05 4139194
67 0.05 4139163
68 0.05 4139128
69 0.05 4139066
70 0.04 4138632
71 0.04 4138547
72 0.04 4138768
73 0.04 4138794
74 0.03 4138425
75 0.03 4138425
76 0.03 4138369
77 0.03 4138368
78 0.03 4138332
79 0.03 4138332
80 0.04 4138668
81 0.03 4138338
82 0.03 4138098
83 0.02 4138036
84 0.02 4137989
85 0.02 4137659
86 0.02 4137673
87 0.02 4137720
88 0.03 4138062
89 0.03 4138138
90 0.02 4137976
91 0.03 4138312
92 0.03 4138215
93 0.03 4138209
94 0.03 4138211
95 0.03 4138203
96 0.03 4138183
97 0.03 4138208
98 0.02 4137871
99 0.02 4137811
100 0.02 4137700
101 0.02 4137700
102 0.02 4137691
103 0.02 4137706
104 0.02 4137722
105 0.02 4137803
106 0.02 4137825
107 0.02 4137811
108 0.02 4137928
109 0.02 4137910
110 0.02 4137866
111 0.02 4137787
112 0.02 4137801
113 0.02 4137886
114 0.02 4137901
115 0.02 4137805
116 0.02 4137792
117 0.02 4137851
118 0.03 4138080
119 0.03 4138434
120 0.04 4138566
121 0.04 4138566
122 0.05 4138891
123 0.04 4138802
124 0.04 4138776
125 0.04 4138832
126 0.05 4138902
127 0.04 4138632
128 0.04 4138665
129 0.04 4138668
130 0.04 4138564
131 0.04 4138618
132 0.03 4138274
133 0.03 4138361
134 0.03 4138404
135 0.03 4138339
136 0.03 4138321
137 0.03 4138268
138 0.02 4138011
139 0.02 4137991
140 0.03 4138077
141 0.04 4138481
142 0.04 4138666
143 0.04 4138694
144 0.04 4138752
145 0.05 4138922
146 0.05 4139040
147 0.05 4139116
148 0.05 4139081
149 0.06 4139351
150 0.05 4138985
151 0.04 4138691
152 0.04 4138631
153 0.04 4138739
154 0.04 4138744
155 0.04 4138645
156 0.04 4138540
157 0.04 4138522
158 0.04 4138502
159 0.04 4138502
160 0.04 4138778
161 0.04 4138839
162 0.04 4138790
163 0.04 4138711
164 0.04 4138700
165 0.05 4139049
166 0.05 4139049
167 0.05 4139205
168 0.06 4139297
169 0.05 4139060
170 0.04 4138771
171 0.04 4138758
172 0.04 4138728
173 0.04 4138639
174 0.04 4138590
175 0.04 4138590
176 0.04 4138590
177 0.03 4138389
178 0.04 4138652
179 0.05 4138958
180 0.04 4138857
181 0.05 4139189
182 0.05 4139257
183 0.05 4139268
184 0.06 4139324
185 0.05 4139261
186 0.05 4139261
187 0.05 4139265
188 0.05 4138954
189 0.05 4138949
190 0.05 4139034
191 0.04 4138683
192 0.04 4138656
193 0.04 4138701
194 0.04 4138703
195 0.04 4138729
196 0.04 4138761
197 0.04 4138766
198 0.05 4139089
199 0.04 4138752
200 0.04 4138728
201 0.04 4138741
202 0.04 4138743
203 0.05 4139070
204 0.05 4139102
205 0.04 4138796
206 0.04 4138831
207 0.04 4138872
208 0.04 4138592
209 0.04 4138628
210 0.04 4138668
211 0.04 4138686
212 0.04 4138686
213 0.04 4138686
214 0.05 4138945
