579 4125371
Config_Reg : 
1
4
50
0
 
4131882 8257991 12383709 16509364 20635145 24760856 28886525 33012173 37137837 41263381 45388965 49514622 53640067 57765521 61891063 66016605 70142042 74267403 78392784 82518380 Average: 4125919
0 4125617
1 4125547
2 4125484
3 4125568
4 4125394
5 4125419
6 4125525
7 4125475
8 4125473
9 4125502
10 4125647
11 4125472
12 4125496
13 4125423
14 4125467
15 4125472
16 4125475
17 4125431
18 4125425
19 4125428
20 4125405
21 4125582
22 4125449
23 4125373
24 4125374
25 4125490
26 4125446
27 4125407
28 4125448
29 4125425
30 4125421
31 4125458
32 4125367
33 4125337
34 4125412
35 4125471
36 4125420
37 4125466
38 4218514
39 4244461
40 4375571
41 4366052
42 4366365
43 4265185
44 4274045
45 4377924
46 4476166
47 4622300
48 4763008
49 4949004
50 5356829
51 6093603
52 6550630
53 6837960
54 7080065
55 7310425
56 7298372
57 7398576
58 7363934
59 7209105
60 7283546
61 7299528
62 7335491
63 7302599
64 7338006
65 7334485
66 7310375
67 7328458
68 7305451
69 7355139
70 7331139
71 7314823
72 7364969
73 7291439
74 7372084
75 7349663
76 7361506
77 7340502
78 7350721
79 7317975
80 7356232
81 7317568
82 7338636
83 7398973
84 7294155
85 7356188
86 7314096
87 7317550
88 7329583
89 7338062
90 7344537
91 7335104
92 7323630
93 7362837
94 7355772
95 7321610
96 7316574
97 7284665
98 7360927
99 7286944
100 7324379
101 7376474
102 7338154
103 7330172
104 7339033
105 7305261
106 7338610
107 7361871
108 7387790
109 7396871
110 7399220
111 7458360
112 7307538
113 7311082
114 7442666
115 7673224
116 7568094
117 7582696
118 7460701
119 7751089
120 7685743
121 7661514
122 7683099
123 7704057
124 7642434
125 7635215
126 7562400
127 7657091
128 7756382
129 7565405
130 7625832
131 7625281
132 7623837
133 7664747
134 7716258
135 7547321
136 7628163
137 7599253
138 7662862
139 7639312
140 765€463
141 7670864
142 7659816
143 7663899
144 7648114
145 7618700
146 7658376
147 7621689
148 7626278
149 7680499
150 7714796
151 7674225
152 7635641
153 7726954
154 7711638
155 7662557
156 7745495
157 7704007
158 7727551
159 7698927
160 7697585
161 7673824
162 7691434
163 7691780
164 7657578
165 7695582
166 7718449
167 7594584
168 7697199
169 7705059
170 7712725
171 7659955
172 7754914
173 7712140
174 7744763
175 7632088
176 7773730
177 7675580
178 7648926
179 7584067
180 7647266
181 7430103
182 7420280
183 7289072
184 7325024
185 7328662
186 7411783
187 7442158
188 7462729
189 7306868
190 7231383
191 7229084
192 7257227
193 7340585
194 7399180
195 7425471
196 7462333
197 7514964
198 7426043
199 7597186
200 7524146
201 7466528
202 7681224
203 7670776
204 7647342
205 7460098
206 7576200
207 7695647
208 7616896
209 7843396
210 7710694
211 7515457
212 7548049
213 7505845
214 75849€7
215 7691625
216 7692145
217 7735168
218 7767614
219 7878258
220 7872840
221 8070703
222 8016589
223 7972327
224 8072107
225 8032382
226 7972346
227 8046952
228 7947728
229 8072555
230 7988989
231 8026117
232 8050661
233 8067573
234 8060503
235 8094568
236 8080954
237 8077373
238 8115906
239 8110878
240 8082971
241 8041923
242 8172985
243 8056649
244 8058404
245 8091233
246 8074731
247 8043795
248 8095970
249 8055195
250 8049869
251 8013951
252 8041357
253 8065604
254 8046555
255 8054618
256 8099640
257 7999142
258 8096516
259 8051710
260 8087159
261 8041978
262 8088253
263 8053992
264 8034057
265 8054979
266 7979947
267 8106723
268 7989855
269 7911663
270 8030212
271 7855118
272 7745078
273 7700092
274 7527649
275 7433950
276 7392880
277 7434012
278 7573767
279 7468479
280 7533443
281 7457944
282 7300549
283 7310324
284 7501711
285 7779194
286 7817760
287 7805803
288 7939432
289 7890881
290 7840291
291 7624348
292 7739391
293 8066683
294 8025911
295 7992825
296 8075327
297 8172670
298 8225851
299 8131225
300 8212876
301 8259796
302 8388608
303 8388539
304 8387965
305 8388608
306 8388608
307 8388421
308 8386272
309 8388551
310 8388608
311 8388608
312 8388608
313 8386700
314 8388608
315 8388608
316 8388608
317 8380482
318 8388608
319 8388425
320 8388608
321 8373635
322 8382219
323 8388587
324 8388608
325 8388064
326 8388227
327 8388608
328 8366511
329 8376044
330 8388608
331 8379010
332 8388461
333 8369621
334 8381129
335 8152067
336 8012823
337 7872730
338 7838419
339 7845328
340 7753018
341 7722241
342 7821554
343 7804662
344 7678457
345 7652913
346 7545599
347 7649171
348 7930167
349 7955209
350 7849883
351 7791216
352 7839712
353 7802043
354 7804633
355 7979018
356 8171543
3€7 7951766
358 7949112
359 8012803
360 7833406
361 7823775
362 7765449
363 7455711
364 7482462
365 7393661
366 7509655
367 7451325
368 7532681
369 7384579
370 7258011
371 7157503
372 7114207
373 7189432
374 7350852
375 7576587
376 7471938
377 7361437
378 7619857
379 7713112
380 7816440
381 8045153
382 8075646
383 8015127
384 8021197
385 8030785
386 8000651
387 7996450
388 8040753
389 8035635
390 8076537
391 8009507
392 8077679
393 8056040
394 8100111
395 8053165
396 8063229
397 8043604
398 8036994
399 8041098
400 8044934
401 8013522
402 8084815
403 8029457
404 8082816
405 8046298
406 8059603
407 8070015
408 8045167
409 8095435
410 8086509
411 8073588
412 8068149
413 8071715
414 8069277
415 8100739
416 8049283
417 8045765
418 8066655
419 7960764
420 7837475
421 7818876
422 7938272
423 7705533
424 7580578
425 7452800
426 7387918
427 7753372
428 7735017
429 7518185
430 7612692
431 7687317
432 7601565
433 7541843
434 7183808
435 6876626
436 6942821
437 6992366
438 7031353
439 7066170
440 7354466
441 7457745
442 7455371
443 7519793
444 7458668
445 7397236
446 7476173
447 7659017
448 7662424
449 7618973
450 7677438
451 7645195
452 7616737
453 7647001
454 7708764
455 7672741
456 7688572
457 7683440
458 7662869
459 7669570
460 7669733
461 7646363
462 7669561
463 7681714
464 7671599
465 7627319
466 7678274
467 7655008
468 7597388
469 7677856
470 7635392
471 7653742
472 7654413
473 7643142
474 7667065
475 7633539
476 7648462
477 7641284
478 7623014
479 7621136
480 7636493
481 7644375
482 7575034
483 7405012
484 7403561
485 7484730
486 7588861
487 7439879
488 7458490
489 7225040
490 7076226
491 6903746
492 6861518
493 7221761
494 7360302
495 7293548
496 7252880
497 7266510
498 7273684
499 7274246
500 7247197
501 7230449
502 7276238
503 7288064
504 7242524
505 7224826
506 7271496
507 7251914
508 7265423
509 7253110
510 7292421
511 7295196
512 7271502
513 7299304
514 7252829
515 7262883
516 7285792
517 7292332
518 7288047
519 7304142
520 7284347
521 7284022
522 7295313
523 7281742
524 7286648
525 7275851
526 7291129
527 7302070
528 7314511
529 7298434
530 7298959
531 7311179
532 7301308
533 7292976
534 7319745
535 7241787
536 7163431
537 6721788
538 5959754
539 4844134
540 4176302
541 4125910
542 4126124
543 4126278
544 4126395
545 4126404
546 4126411
547 4126469
548 4126558
549 4126594
550 4126568
551 4126787
552 4126744
553 4126661
554 4126760
555 4126780
556 4126878
557 4126839
558 4126829
559 4126789
560 4126794
561 4126813
562 4126796
563 4126799
564 4126819
565 4126873
566 4126826
567 4126730
568 4126705
569 4126662
570 4126685
571 4126700
572 4126708
573 4126677
574 4126745
575 4126703
576 4126697
577 4126734
578 4126755
579 4126733
580 4126862
581 4126877
582 4126811
583 4126766
584 4126821
585 4126862
586 4126881
587 4126897
588 4126858
589 4126849
590 4126819
